000250
000440
001000
001540
001810
001840
002230
002290
002680
002800
003100
003310
003670
003800
004590
004650
004780
005160
005290
005670
005710
005860
005990
006050
006140
006580
006730
006910
006920
007330
007370
007390
007530
007720
007770
007820
008290
008370
008470
008800
008830
009300
009520
009620
009730
009780
010170
010240
010280
010470
011040
011080
011320
011370
011560
012340
012620
012700
012790
012860
013030
013120
013310
013720
013810
013990
014100
014190
014200
014470
014570
014620
014940
014970
015710
015750
016100
016170
016250
016600
016670
016920
017000
017250
017480
017510
017650
017680
017890
018000
018120
018290
018310
018620
018680
018700
019010
019210
019540
019550
019570
019590
019660
019770
019990
020180
020400
020710
021040
021045
021080
021320
021650
021880
022100
022220
023160
023410
023430
023440
023460
023600
023760
023770
023790
023890
023900
023910
024060
024120
024660
024740
024800
024810
024830
024840
024850
024880
024910
024940
024950
025320
025440
025550
025770
025870
025880
025900
025950
025980
026040
026150
026180
026260
026910
027040
027050
027580
027710
027830
028040
028080
028150
028300
029480
029960
030190
030270
030350
030520
030530
030960
031310
031330
031390
031510
031860
031980
032040
032080
032190
032280
032500
032540
032580
032620
032680
032685
032750
032790
032800
032820
032850
032860
032940
032960
032980
033050
033100
033110
033130
033160
033170
033200
033230
033290
033310
033320
033340
033430
033500
033540
033560
033600
033640
033790
033830
034230
034810
034940
034950
035080
035200
035290
035460
035480
035600
035610
035620
035720
035760
035810
035890
035900
036000
036010
036030
036090
036120
036170
036180
036190
036200
036260
036420
036480
036490
036500
036540
036560
036620
036630
036640
036670
036690
036710
036800
036810
036830
036890
036930
037070
037230
037330
037350
037370
037400
037440
037460
037760
037950
038010
038060
038070
038110
038160
038290
038340
038390
038460
038500
038530
038540
038620
038680
038870
038880
038950
039010
039020
039030
039200
039230
039240
039290
039310
039340
039420
039440
039560
039610
039670
039740
039790
039830
039840
039860
039980
040160
040300
040350
040420
040610
040910
041020
041140
041190
041440
041460
041510
041520
041590
041830
041910
041920
041930
041960
042040
042110
042370
042420
042500
042510
042520
042600
042940
043090
043100
043150
043200
043220
043260
043290
043340
043360
043370
043580
043590
043610
043650
043710
043910
044060
044180
044340
044480
044490
044780
044960
045060
045100
045300
045340
045390
045510
045520
045660
045890
045970
046070
046110
046120
046140
046210
046310
046390
046440
046890
046940
046970
047080
047310
047440
047560
047770
047820
047920
048260
048410
048430
048470
048530
048550
048770
048830
048870
048910
049070
049080
049120
049180
049430
049470
049480
049520
049550
049630
049720
049830
049950
049960
050090
050110
050120
050320
050540
050760
050860
050890
050960
051160
051170
051360
051370
051380
051390
051490
051500
051780
051980
052020
052190
052220
052260
052290
052300
052330
052400
052420
052460
052600
052670
052710
052770
052790
052860
052900
053030
053050
053060
053110
053160
053260
053270
053280
053290
053300
053350
053450
053590
053610
053620
053660
053700
053800
053950
053980
054040
054050
054090
054180
054210
054220
054300
054340
054410
054450
054540
054620
054630
054670
054780
054800
054920
054930
054940
054950
056000
056080
056090
056190
056360
056700
056730
057030
057500
057540
057680
057880
058110
058220
058370
058400
058420
058450
058470
058530
058610
058630
058820
059090
059100
059120
059210
060150
060230
060240
060250
060260
060280
060300
060310
060370
060380
060480
060540
060560
060570
060590
060720
060900
061040
061250
061460
061970
062860
063080
063170
063440
063570
063760
064090
064240
064260
064290
064480
064520
064550
064760
064800
064820
065060
065130
065150
065160
065170
065350
065420
065440
065450
065500
065510
065530
065560
065570
065620
065650
065660
065680
065690
065710
065770
065940
065950
066110
066130
066310
066410
066430
066590
066620
066670
066700
066790
066900
066910
066970
066980
067000
067010
067080
067160
067170
067280
067290
067310
067390
067570
067630
067730
067770
067900
067920
067990
068050
068240
068270
068330
068760
068790
068930
068940
069080
069110
069140
069330
069410
069510
069540
069920
070300
070590
071200
071280
071460
071670
071850
072020
072470
072520
072770
072870
072950
072990
073010
073070
073110
073190
073490
073540
073560
073570
073640
074430
074600
075130
075970
076080
076610
077280
077360
078020
078070
078130
078140
078150
078160
078340
078350
078590
078600
078650
078860
078890
078940
079000
079170
079190
079370
079650
079810
079940
079950
079960
079970
080000
080010
080160
080220
080420
080440
080470
080520
080530
080580
081150
081580
081970
082210
082270
082660
082800
082850
082920
083310
083450
083470
083500
083550
083640
083650
083660
083790
083930
084110
084180
084370
084650
084730
084990
085370
08537M
085660
085670
085810
085910
086040
086060
086250
086390
086450
086520
086670
086830
086890
086900
086960
086980
087010
087220
087260
087600
087730
088130
088290
088390
088800
088910
089010
089030
089140
089150
089230
089530
089600
089790
089850
089890
089980
090150
090360
090410
090460
090470
090710
090730
090740
090850
091120
091340
091440
091580
091590
091700
091970
092040
092070
092130
092300
092460
092600
092730
092870
093190
093320
093380
093520
093640
093920
094170
094190
094360
094480
094820
094840
094850
094860
094940
094970
095190
095270
095300
095340
095500
095610
095660
095700
095910
096040
096240
096350
096530
096610
096630
096640
096690
096870
097520
097780
097800
097870
098120
098460
098660
099190
099220
099320
099410
099440
099520
099660
099830
100030
100090
100120
100130
100660
100700
101000
101160
101170
101240
101330
101390
101400
101490
101670
101680
101730
101930
102120
102210
102710
102940
103230
104040
104200
104460
104480
104540
104830
105330
105550
105740
106080
106190
106240
106520
108230
108320
108380
108790
108860
109080
109610
109740
109820
109860
109960
111820
111870
112040
112240
113810
114120
114190
114450
114570
114630
114810
115160
115180
115310
115440
115450
115480
115500
115530
115570
115610
115960
117670
119500
119610
119830
119850
119860
120240
121440
121600
121800
121850
121890
122350
122450
122640
122690
122800
122870
122990
123010
123040
123100
123260
123330
123410
123420
123570
123750
123840
123860
124500
126600
126640
126700
126870
126880
127120
127160
127710
128660
130500
130580
130740
130960
131030
131090
131100
131180
131220
131290
131370
131390
131400
131760
131970
133750
134060
134580
134780
136480
136510
136540
137400
137940
137950
138070
138080
138360
138610
138690
139050
139670
140070
140410
140520
140860
141000
141020
141070
141080
142210
142280
142760
143160
143240
143540
144510
144960
145020
147760
147830
148250
149940
149950
149980
150840
150900
151860
151910
153460
153490
154040
155650
155960
156100
158310
159580
159910
160550
160600
160980
161570
166090
166480
168330
170030
170790
170920
171010
171120
173940
174880
175140
176440
177350
177830
178320
178780
178920
180400
182360
182400
182690
183300
184230
185490
187220
187270
187420
187790
189300
189690
189860
189980
190510
191410
191420
192080
192250
192390
192410
192440
193250
194480
194510
194610
195440
195990
196170
196300
196450
196490
196700
197210
198440
200130
200230
200470
200670
200710
200780
201490
203450
203650
203690
204440
204620
204630
204650
204760
204840
204990
205100
205470
205500
206400
206560
206640
206650
206660
207720
207760
207930
208140
208350
208370
208640
208710
208860
208870
211270
212560
213090
213420
214150
214180
214270
214310
214370
214430
214450
214680
214870
215000
215090
215100
215200
215360
215380
215480
215580
215600
215750
215790
216050
217190
217270
217480
217500
217600
217620
217730
217810
217820
218150
218410
218710
219130
219550
219580
219860
219960
220100
220180
220260
220630
221200
221610
221840
221950
221980
222040
222080
222110
222390
222420
222800
222810
222980
223040
223310
224060
224110
225330
225430
225440
225530
225570
225590
225650
226340
226350
226360
226440
226850
227950
228340
228850
230240
230360
230490
230980
232140
232270
232330
234920
235010
236200
237690
237750
237880
238090
238120
239340
239610
240540
240810
241520
241690
241710
241790
241820
242040
243070
246690
246720
250060
250930
251370
252500
254120
256840
257730
258790
262830
263770
264450
265520
900040
900070
900080
900090
900100
900110
900120
900130
900180
900250
900260
900270
900280
900290
900300
950110
950130
950140